3,4,5,6,7,8,9,10,11,12,13,14,15,16,17,18,19,20,21,22,23,24,25,26,27,28,29,30,31,32,33,34,35,36,37,38,39,40,41,42,43,44,45,46,47,48,49,50,51,52,53,54,55,56,57,58,59,60,61,62,63,64,65,66,67,68,69,70,71,72,73,74,75,76,77,78,82,83,85,90,91,94,97,98,99,106,116,120,121,126,127,141,142,143,144,145,149,152,155,156,157,163,165,171,172,173,175,176,177,178,179
1,96,101,128,129,130,131,132,133,134,135,139,140
1,38,59,61,89,120
2,88
1,2,58,88,95,110
1,2,43,80,91,92,102
88,175
4
4
5,156
6,19
5,6,7,8,38,63,79,80,92,128,157,165,169,177
7
8
8
9
10
11
12,55
15
14
13
3,7,13,14,15,23,38,39,45,79,96,135,141,144,154,169
16,146
16,147
17
17,58
17,52,72,82,106,126
18
18,122
18,58
6,19
19,46,47,65,76,83,127
19
19,102
20
89
53
84
84
146
146
72
2,86,110,151,174
3
3
8,30
21,94
21,26,34,86,116,141
22
22
23,151
23
24
24
25
26
27
28
29
29,80
30,125
30
31
31
32
32
33,78,131
33
34
35
35
36
36
37
37
38
39,121
39
39,57,97,155
40,126
40
41
41
42
43
43,140
57
44
45
34,46
47,142
46,47,69,85,171
48
48
49
50,116
50,60,94
51,90
51
52
52
53
54
55
56
56
59
59,122
60,124
61
62
62
63,64,95
63
64
65,127
66
66
67
68
70
56,70,83,115,172
70
71
71
72
73
74
75
75
76
77
77
50,60,78,94,178
8,78
79
79
81
82,163
83
85
86
87
87
90
91
91
92,119
95
96
97
98
98,99,157,178
100
100
101,102,103,104,105,106,107,108,109,110,112,113,114,115,117,118,119
101
103
104
104
105
105,175
107
108
109,110
106,112,173,174
107,109,110,112,114
113
141
99,134,169
99,152
114,123,124,125,129,130,133
115
117
118
120
121
123
71,126
128
128
129
62,130
132,137
133
27,76,77,99,134,169
137
143,144
26,143
145
147
148
149
150
151,152
153,154
12,153
154
155
156
163
165
8,171
172
173
173
175
176
177
179
25,33,61,143,163,171,178
45
142