289
230,249,296,298
209
271
254,299
231
224
219
290
274
276
207
280
210
288
218
212
278
262
255
236
263
288
227
283
214
204
293
275
248
266
281
269
280
220
257
259
213
204
297
285
222,239,265,299
210
208
232,262
208
267
251
256
230,247,285,296
211
265
244
241
201
229
235
206,250
238
291
223
274
205,277
286
296
240
239
226
246
234
233
253
259,287
241
272
245
228
291
227
205
220
292
298
275
272
300
258,273
202
222
252
260,273
206
242
225
203
224
261
243
216
279
297
290
261
270
237
292
230
247
249
284
270
277
217