381
389
383
388
322
392
352
321
388
365,372
387
346
307
316
362
370
356
353
333
310
343
330
311
305
384
380
375,392
326
306,320,396
385
330
380
372
331
359
367
348
375
390
396
344
329
376
311
360
377
378
370
324
368
379
325
303,355
394
393
351
365
334
366
386
338
371
360
363
339
318
397
301
358
398
382
395
312
308
347
337
381
373
326
320
350
358
395
371
328,333,355,366,391
359
384
364
374
315
309
343
302
389
346
349
399
356
373
379,391
332
307
345
393
319
357
308,323
319
341
304
387
316
306,342
335
314
312
313
327
378
339
375
367,400
317
342
304
361
301,323,324,347
353
376
354
357
369
303,309,332,350,362
317
336,369
313,318,338,354
340
368,400